{
 "cells": [
  {
   "cell_type": "code",
   "execution_count": 1,
   "id": "2d1c38e4-d5a0-4c48-a82a-25f06766d305",
   "metadata": {},
   "outputs": [
    {
     "name": "stdout",
     "output_type": "stream",
     "text": [
      "Autovalores: [85.87745758 35.55958866 18.30136537  3.26158838]\n",
      "Autovetores (colunas de P):\n",
      "[[ 0.10354247  0.24247012 -0.44317153 -0.8567883 ]\n",
      " [-0.12285897  0.89032565  0.43831244  0.01039773]\n",
      " [ 0.39964851 -0.30905528  0.74992329 -0.42706083]\n",
      " [ 0.90247753  0.2302462  -0.22157675  0.28883341]]\n",
      "\n",
      "A cada iteração:\n",
      "[array([[ 46.68530371,  -9.58537194,  26.71811262,  -8.36692254],\n",
      "       [ -9.58537194,  43.32263722, -19.63432198,   3.24128691],\n",
      "       [ 26.71811262, -19.63432198,  48.05308863,  -5.08080238],\n",
      "       [ -8.36692254,   3.24128691,  -5.08080238,   4.93897044]]), array([[ 7.69157592e+01, -1.65987828e+01,  1.15077516e+01,\n",
      "         5.03725399e-01],\n",
      "       [-1.65987828e+01,  4.22110362e+01, -4.21818002e+00,\n",
      "         5.08839470e-02],\n",
      "       [ 1.15077516e+01, -4.21818002e+00,  2.05982895e+01,\n",
      "        -3.04300244e-01],\n",
      "       [ 5.03725399e-01,  5.08839470e-02, -3.04300244e-01,\n",
      "         3.27491508e+00]]), array([[ 8.44048582e+01, -8.16515518e+00,  2.68919194e+00,\n",
      "        -2.06668056e-02],\n",
      "       [-8.16515518e+00,  3.69225117e+01, -2.64444398e-01,\n",
      "        -1.83375710e-02],\n",
      "       [ 2.68919194e+00, -2.64444398e-01,  1.84107096e+01,\n",
      "         6.80884046e-02],\n",
      "       [-2.06668056e-02, -1.83375710e-02,  6.80884046e-02,\n",
      "         3.26192044e+00]]), array([[ 8.56335244e+01, -3.45968637e+00,  5.80532120e-01,\n",
      "         7.94508643e-04],\n",
      "       [-3.45968637e+00,  3.57981116e+01,  5.38988093e-02,\n",
      "         1.92115113e-03],\n",
      "       [ 5.80532120e-01,  5.38988093e-02,  1.83067654e+01,\n",
      "        -1.22726065e-02],\n",
      "       [ 7.94508643e-04,  1.92115113e-03, -1.22726065e-02,\n",
      "         3.26159854e+00]]), array([[ 8.58361382e+01, -1.43743215e+00,  1.23971241e-01,\n",
      "        -3.02356972e-05],\n",
      "       [-1.43743215e+00,  3.56005505e+01,  4.47406806e-02,\n",
      "        -1.80025776e-04],\n",
      "       [ 1.23971241e-01,  4.47406806e-02,  1.83017226e+01,\n",
      "         2.18943148e-03],\n",
      "       [-3.02356972e-05, -1.80025776e-04,  2.18943148e-03,\n",
      "         3.26158870e+00]]), array([[ 8.58703988e+01, -5.95501945e-01,  2.64286417e-02,\n",
      "         1.14872912e-06],\n",
      "       [-5.95501945e-01,  3.55666015e+01,  2.45295902e-02,\n",
      "         1.65724037e-05],\n",
      "       [ 2.64286417e-02,  2.45295902e-02,  1.83014112e+01,\n",
      "        -3.90263066e-04],\n",
      "       [ 1.14872911e-06,  1.65724037e-05, -3.90263066e-04,\n",
      "         3.26158839e+00]]), array([[ 8.58762486e+01, -2.46598559e-01,  5.63254606e-03,\n",
      "        -4.36307835e-08],\n",
      "       [-2.46598559e-01,  3.55607878e+01,  1.27572534e-02,\n",
      "        -1.52099637e-06],\n",
      "       [ 5.63254606e-03,  1.27572534e-02,  1.83013753e+01,\n",
      "         6.95540540e-05],\n",
      "       [-4.36307790e-08, -1.52099637e-06,  6.95540540e-05,\n",
      "         3.26158838e+00]]), array([[ 8.58772503e+01, -1.02110697e-01,  1.20036542e-03,\n",
      "         1.65706583e-09],\n",
      "       [-1.02110697e-01,  3.55597934e+01,  6.57745244e-03,\n",
      "         1.39523190e-07],\n",
      "       [ 1.20036542e-03,  6.57745244e-03,  1.83013679e+01,\n",
      "        -1.23961754e-05],\n",
      "       [ 1.65706141e-09,  1.39523186e-07, -1.23961754e-05,\n",
      "         3.26158838e+00]]), array([[ 8.58774221e+01, -4.22813475e-02,  2.55810610e-04,\n",
      "        -6.30063423e-11],\n",
      "       [-4.22813475e-02,  3.55596235e+01,  3.38623447e-03,\n",
      "        -1.27984430e-08],\n",
      "       [ 2.55810610e-04,  3.38623447e-03,  1.83013660e+01,\n",
      "         2.20523851e-06],\n",
      "       [-6.30019302e-11, -1.27984395e-08,  2.20523852e-06,\n",
      "         3.26158838e+00]]), array([[ 8.58774515e+01, -1.75075848e-02,  5.45158765e-05,\n",
      "         2.50332052e-12],\n",
      "       [-1.75075848e-02,  3.55595946e+01,  1.74287610e-03,\n",
      "         1.17729554e-09],\n",
      "       [ 5.45158765e-05,  1.74287610e-03,  1.83013655e+01,\n",
      "        -3.63730913e-07],\n",
      "       [ 2.49891012e-12,  1.17729199e-09, -3.63730916e-07,\n",
      "         3.26158838e+00]]), array([[ 8.58774565e+01, -7.24942778e-03,  1.16178918e-05,\n",
      "        -9.53729651e-14],\n",
      "       [-7.24942778e-03,  3.55595897e+01,  8.97009776e-04,\n",
      "        -1.07682394e-10],\n",
      "       [ 1.16178918e-05,  8.97009776e-04,  1.83013654e+01,\n",
      "         6.99284544e-08],\n",
      "       [-9.09632862e-14, -1.07678835e-10,  6.99284574e-08,\n",
      "         3.26158838e+00]]), array([[ 8.58774574e+01, -3.00179671e-03,  2.47589199e-06,\n",
      "        -1.59609963e-15],\n",
      "       [-3.00179671e-03,  3.55595888e+01,  4.61662509e-04,\n",
      "         8.11607031e-12],\n",
      "       [ 2.47589199e-06,  4.61662509e-04,  1.83013654e+01,\n",
      "        -6.99283897e-08],\n",
      "       [-6.00547838e-15,  8.11251041e-12, -6.99283927e-08,\n",
      "         3.26158838e+00]]), array([[ 8.58774576e+01, -1.24296484e-03,  5.27638007e-07,\n",
      "        -2.16509683e-15],\n",
      "       [-1.24296484e-03,  3.55595887e+01,  2.37602762e-04,\n",
      "         1.60211634e-13],\n",
      "       [ 5.27638007e-07,  2.37602762e-04,  1.83013654e+01,\n",
      "         6.99283866e-08],\n",
      "       [ 2.24415758e-15,  1.63771728e-13,  6.99283896e-08,\n",
      "         3.26158838e+00]]), array([[ 8.58774576e+01, -5.14678563e-04,  1.12444845e-07,\n",
      "         3.89432600e-15],\n",
      "       [-5.14678563e-04,  3.55595887e+01,  1.22286430e-04,\n",
      "        -4.78710174e-13],\n",
      "       [ 1.12444845e-07,  1.22286430e-04,  1.83013654e+01,\n",
      "        -6.99283864e-08],\n",
      "       [-5.14876890e-16, -4.82270352e-13, -6.99283895e-08,\n",
      "         3.26158838e+00]]), array([[ 8.58774576e+01, -2.13115508e-04,  2.39633570e-08,\n",
      "        -4.29806410e-15],\n",
      "       [-2.13115507e-04,  3.55595887e+01,  6.29368545e-05,\n",
      "         2.81152318e-13],\n",
      "       [ 2.39633567e-08,  6.29368545e-05,  1.83013654e+01,\n",
      "         6.99283864e-08],\n",
      "       [ 1.11117462e-16,  2.84712534e-13,  6.99283895e-08,\n",
      "         3.26158838e+00]]), array([[ 8.58774576e+01, -8.82458059e-05,  5.10688306e-09,\n",
      "         4.38543941e-15],\n",
      "       [-8.82458059e-05,  3.55595887e+01,  3.23915550e-05,\n",
      "        -1.46320242e-13],\n",
      "       [ 5.10688267e-09,  3.23915550e-05,  1.83013654e+01,\n",
      "        -6.99283864e-08],\n",
      "       [-2.37333141e-17, -1.49880473e-13, -6.99283895e-08,\n",
      "         3.26158838e+00]]), array([[ 8.58774576e+01, -3.65321592e-05,  1.08768725e-09,\n",
      "        -4.40411223e-15],\n",
      "       [-3.65321592e-05,  3.55595887e+01,  1.66708813e-05,\n",
      "         7.38854737e-14],\n",
      "       [ 1.08768686e-09,  1.66708813e-05,  1.83013654e+01,\n",
      "         6.99283864e-08],\n",
      "       [ 5.05683531e-18,  7.74457126e-14,  6.99283895e-08,\n",
      "         3.26158838e+00]]), array([[ 8.58774576e+01, -1.51188189e-05,  2.31463810e-10,\n",
      "         4.40809137e-15],\n",
      "       [-1.51188189e-05,  3.55595887e+01,  8.57996118e-06,\n",
      "        -3.63267186e-14],\n",
      "       [ 2.31463415e-10,  8.57996118e-06,  1.83013654e+01,\n",
      "        -6.99283864e-08],\n",
      "       [-1.07618745e-18, -3.98869608e-14, -6.99283895e-08,\n",
      "         3.26158838e+00]]), array([[ 8.58774576e+01, -6.22716763e-06,  4.86326722e-11,\n",
      "        -4.40894081e-15],\n",
      "       [-6.22716762e-06,  3.55595887e+01,  4.41582736e-06,\n",
      "         1.69708632e-14],\n",
      "       [ 4.86322771e-11,  4.41582736e-06,  1.83013654e+01,\n",
      "         6.99283864e-08],\n",
      "       [ 2.26118283e-19,  2.05311069e-14,  6.99283895e-08,\n",
      "         3.26158838e+00]]), array([[ 8.58774576e+01, -2.55263710e-06,  1.00876303e-11,\n",
      "         4.40911976e-15],\n",
      "       [-2.55263709e-06,  3.55595887e+01,  2.27268292e-06,\n",
      "        -7.00668646e-15],\n",
      "       [ 1.00872352e-11,  2.27268292e-06,  1.83013654e+01,\n",
      "        -6.99283864e-08],\n",
      "       [-4.69012185e-20, -1.05669309e-14, -6.99283895e-08,\n",
      "         3.26158838e+00]]), array([[ 8.58774576e+01, -8.71881311e-07,  1.14757013e-12,\n",
      "        -4.40916121e-15],\n",
      "       [-8.71881303e-07,  3.55595887e+01,  1.16967609e-06,\n",
      "         1.87823311e-15],\n",
      "       [ 1.14717503e-12,  1.16967609e-06,  1.83013654e+01,\n",
      "         6.99283864e-08],\n",
      "       [ 5.33386428e-21,  5.43847786e-15,  6.99283895e-08,\n",
      "         3.26158838e+00]]), array([[ 8.58774576e+01, -8.71881311e-07,  1.17624928e-12,\n",
      "         4.40916108e-15],\n",
      "       [-8.71881303e-07,  3.55595887e+01,  6.01994292e-07,\n",
      "         7.61234937e-16],\n",
      "       [ 1.17585418e-12,  6.01994294e-07,  1.83013654e+01,\n",
      "        -6.99283864e-08],\n",
      "       [-5.46720967e-21, -2.79900992e-15, -6.99283895e-08,\n",
      "         3.26158838e+00]])]\n"
     ]
    }
   ],
   "source": [
    "import numpy as np\n",
    "\n",
    "ak_list = []\n",
    "\n",
    "def qr_decomposition(A):\n",
    "    n = A.shape[0]\n",
    "    Q = np.eye(n)\n",
    "    R = A.copy()\n",
    "    \n",
    "    for i in range(n - 1):\n",
    "        x = R[i:, i]\n",
    "        e = np.zeros_like(x)\n",
    "        e[0] = np.linalg.norm(x)\n",
    "        u = x - e\n",
    "        v = u / np.linalg.norm(u)\n",
    "        \n",
    "        Qi = np.eye(n)\n",
    "        Qi[i:, i:] -= 2.0 * np.outer(v, v)\n",
    "        \n",
    "        R = Qi @ R\n",
    "        Q = Q @ Qi\n",
    "    \n",
    "    return Q, R\n",
    "\n",
    "def qr_algorithm(A, tol=1e-6):\n",
    "    n = A.shape[0]\n",
    "    P = np.eye(n)\n",
    "    Ak = A.copy()\n",
    "    \n",
    "    while np.max(np.abs(np.tril(Ak, -1))) > tol:\n",
    "        Q, R = qr_decomposition(Ak)\n",
    "        Ak = R @ Q\n",
    "        P = P @ Q\n",
    "        ak_list.append(Ak)\n",
    "    \n",
    "    eigenvalues = np.diag(Ak)\n",
    "    return P, eigenvalues\n",
    "\n",
    "# Matriz A fornecida\n",
    "A = np.array([[9, 3, -4, 11],\n",
    "              [3, 33, -8, -4],\n",
    "              [-4, -8, 28, 25],\n",
    "              [11, -4, 25, 73]])\n",
    "\n",
    "P, eigenvalues = qr_algorithm(A)\n",
    "\n",
    "# Autovalores\n",
    "print(\"Autovalores:\", eigenvalues)\n",
    "\n",
    "# Autovetores\n",
    "print(\"Autovetores (colunas de P):\")\n",
    "print(P)\n",
    "\n",
    "print(\"\\nA cada iteração:\")\n",
    "print(ak_list)\n"
   ]
  },
  {
   "cell_type": "code",
   "execution_count": null,
   "id": "c9fed3cc-7f74-4b64-9383-c422a6901044",
   "metadata": {},
   "outputs": [],
   "source": []
  }
 ],
 "metadata": {
  "kernelspec": {
   "display_name": "Python 3 (ipykernel)",
   "language": "python",
   "name": "python3"
  },
  "language_info": {
   "codemirror_mode": {
    "name": "ipython",
    "version": 3
   },
   "file_extension": ".py",
   "mimetype": "text/x-python",
   "name": "python",
   "nbconvert_exporter": "python",
   "pygments_lexer": "ipython3",
   "version": "3.12.0"
  }
 },
 "nbformat": 4,
 "nbformat_minor": 5
}
